1970 2023
1970 261.3 402.4 274.1 255.3 208.0 342.0 335.7 86.00 192.9 239.8 129.7 296.2
1971 374.8 378.0 460.5 144.3 148.5 106.9 82.70 139.4 300.4 170.1 136.4 82.40
1972 446.9 267.9 682.6 117.9 67.10 143.3 104.6 161.4 325.4 266.5 271.6 684.9
1973 456.2 416.4 265.4 173.6 98.00 171.4 133.7 180.2 257.3 165.9 118.0 136.8
1974 247.5 213.8 602.5 128.5 27.20 72.30 155.6 18.90 131.6 123.9 92.40 408.7
1975 325.0 257.6 324.8 176.1 184.3 123.3 114.7 185.5 281.2 201.7 367.6 336.8
1976 391.2 247.6 241.0 69.20 522.7 112.8 184.0 91.20 153.6 114.5 162.2 163.4
1977 488.7 383.1 438.3 259.8 71.90 34.00 28.70 105.7 161.5 341.3 446.3 312.1
1978 227.6 349.9 156.8 90.10 152.2 91.80 79.20 118.1 163.7 249.5 383.7 275.2
1979 379.6 241.0 241.4 156.1 262.8 43.20 75.60 51.80 237.7 181.8 280.4 175.9
1980 521.2 237.0 237.2 126.4 42.80 118.6 299.1 185.9 193.9 282.7 900.5 517.8
1981 584.2 207.0 548.3 163.3 200.5 25.20 101.3 125.9 75.10 508.7 173.7 302.1
1982 258.7 285.1 503.8 146.8 194.8 248.9 114.2 58.60 45.40 289.2 387.3 281.7
1983 457.1 551.6 256.8 274.2 455.5 341.8 547.0 71.00 293.9 287.1 180.7 261.3
1984 159.4 127.7 300.6 192.3 96.70 144.5 52.20 381.4 119.5 115.0 445.0 152.9
1985 247.3 456.4 215.5 267.3 37.40 37.20 73.30 7.200 193.4 115.0 259.6 165.2
1986 420.9 411.2 231.2 153.8 74.00 18.40 59.80 168.7 185.0 103.3 281.6 490.8
1987 493.4 368.8 90.80 150.9 270.8 204.4 17.60 132.6 245.7 143.4 134.1 210.1
1988 401.4 168.4 210.6 58.50 332.8 39.60 35.50 45.60 297.0 388.8 86.80 148.8
1989 321.1 197.3 177.6 119.8 143.0 51.80 270.8 151.0 123.5 62.80 61.70 225.0
1990 323.1 88.00 298.6 125.5 16.40 51.20 51.20 214.9 229.8 211.2 161.1 23.40
1991 160.4 198.8 258.9 52.00 42.40 79.10 89.90 110.3 105.7 109.3 305.5 98.90
1992 89.00 290.0 156.3 48.20 202.4 82.30 200.8 257.2 135.5 99.40 -99.9 -99.9
1993 426.4 301.8 190.1 119.4 71.40 101.5 240.1 20.10 378.2 233.2 67.60 238.3
1994 275.2 202.7 430.7 108.7 73.40 168.5 227.2 24.80 71.90 131.3 337.8 382.2
1995 835.2 468.9 155.8 68.30 70.30 68.30 61.40 31.50 61.40 95.20 75.40 423.2
1996 149.9 339.7 200.7 184.0 87.60 202.6 199.8 86.30 161.1 118.3 175.9 185.9
1997 395.4 134.8 233.6 30.80 72.90 95.30 48.30 77.00 144.5 345.0 288.0 167.0
1998 628.5 605.6 286.8 151.1 58.60 61.30 143.4 389.4 410.0 309.8 165.8 285.8
1999 657.6 360.8 432.5 299.2 80.40 136.9 416.8 72.10 345.2 509.6 278.6 464.2
2000 384.5 297.6 341.2 30.30 24.00 43.10 14.30 170.2 386.6 116.8 184.3 263.2
2001 412.6 531.5 478.9 197.2 243.3 181.8 223.4 55.30 343.8 200.4 217.5 166.4
2002 422.3 202.2 280.2 275.7 156.1 65.00 42.40 141.3 183.1 181.4 246.8 207.7
2003 557.5 239.3 325.9 70.80 69.00 86.60 145.5 35.70 167.7 107.3 192.1 265.1
2004 362.3 445.1 200.5 400.8 197.5 66.00 207.4 38.70 324.0 152.4 160.3 333.3
2005 348.5 75.60 315.3 157.9 141.8 124.9 115.2 156.3 413.1 200.8 181.3 196.2
2006 135.4 226.2 512.3 45.70 37.10 61.00 59.40 50.20 207.0 142.1 455.4 211.9
2007 341.8 442.8 207.1 104.3 185.8 4.200 67.30 66.40 80.90 165.1 108.5 144.2
2008 506.4 404.9 264.4 139.4 128.7 113.4 38.60 135.0 258.4 487.9 385.2 104.3
2009 342.8 316.7 490.1 153.9 41.10 121.7 292.8 101.1 313.2 183.1 190.1 204.1
2010 571.6 288.1 436.9 230.8 51.00 161.3 145.8 203.0 169.9 276.8 227.1 239.1
2011 335.7 244.2 555.8 115.9 52.50 89.08 238.5 299.5 208.0 172.9 120.3 185.1
2012 153.1 100.0 62.60 316.0 110.6 255.7 89.40 30.40 116.8 51.90 84.10 78.70
2013 154.0 138.2 160.0 41.00 114.9 207.9 175.9 55.00 136.8 84.80 95.00 128.8
2014 119.9 183.2 164.9 153.0 91.70 189.8 61.80 97.30 97.30 123.8 79.40 100.4
2015 390.5 553.5 499.8 286.5 261.3 86.10 147.1 26.10 155.4 292.6 370.4 433.6
2016 226.7 366.4 183.2 159.5 245.9 129.7 101.7 143.1 114.3 231.1 64.40 104.5
2017 314.4 231.5 340.7 165.2 293.2 95.80 26.80 109.5 153.4 222.5 164.8 231.4
2018 502.3 152.8 247.8 238.6 186.4 102.5 26.30 81.60 49.90 305.2 102.1 165.4
2019 311.2 537.5 313.6 203.4 269.9 219.3 38.10 41.50 179.6 152.4 135.2 126.6
2020 257.2 399.8 73.00 44.40 50.30 140.0 81.20 97.10 71.50 115.8 216.2 395.5
2021 598.8 332.9 315.1 240.9 148.5 195.7 26.10 267.0 96.80 208.0 245.8 122.1
2022 573.5 132.1 424.0 188.7 186.1 170.9 15.30 219.1 215.6 196.0 254.8 276.4
2023 296.7 313.6 427.9 525.5 39.10 153.2 110.8 134.4 125.5 449.3 -99.9 -99.9
-99.9